0.000000000000000000e+00 7.693367415090985872e+00 7.616130187964912146e+00 7.616130265853930048e+00 7.538892554045663275e+00 0.000000000000000000e+00 0.000000000000000000e+00
1.000000000000000000e+00 7.686721463190527182e+00 7.609503778135785268e+00 7.609503777158701965e+00 7.532314589272322003e+00 -5.683719048440692700e-04 -3.366128961708991763e-04
2.000000000000000000e+00 7.666834183905281819e+00 7.589674392663087410e+00 7.589673623336299357e+00 7.512630353711760023e+00 -2.267744789272741271e-03 -1.342338807651771194e-03
3.000000000000000000e+00 7.633860873942363234e+00 7.556798486300865925e+00 7.556795511400173027e+00 7.479992351197499723e+00 -5.080997944991586142e-03 -3.004929755031345538e-03
4.000000000000000000e+00 7.588055958370122589e+00 7.511128821755497675e+00 7.511118209363275788e+00 7.434650872124902499e+00 -8.979952803298526035e-03 -5.304270441146889670e-03
5.000000000000000000e+00 7.529767512396849050e+00 7.453013144465943540e+00 7.452988310288833240e+00 7.376948655530471299e+00 -1.392589829087282662e-02 -8.212813869691880375e-03
6.000000000000000000e+00 7.459433586413165784e+00 7.382890143864292654e+00 7.382837860669262398e+00 7.307317236103012092e+00 -1.987029360584783091e-02 -1.169616351833680998e-02
7.000000000000000000e+00 7.377572720670253936e+00 7.301276125059888322e+00 7.301180248756327984e+00 7.226264465854375096e+00 -2.675563631676647347e-02 -1.571378603317340195e-02
8.000000000000000000e+00 7.284774948191307331e+00 7.208761690712980119e+00 7.208598785102798168e+00 7.134373535764360064e+00 -3.451646057725748368e-02 -2.021982571826484026e-02
9.000000000000000000e+00 7.181692773968754828e+00 7.105996197845135143e+00 7.105739523279144265e+00 7.032284199723147111e+00 -4.308045575983352610e-02 -2.516398592617186819e-02
1.000000000000000000e+01 7.069028845020368657e+00 6.993683117101604729e+00 6.993297961916624672e+00 6.920689134775795281e+00 -5.236961096339099592e-02 -3.049246779831122842e-02
1.100000000000000000e+01 6.947528705879290278e+00 6.872564496814295154e+00 6.872010818752685601e+00 6.800320952576249134e+00 -6.230147412555853831e-02 -3.614889715891034250e-02
1.200000000000000000e+01 6.817965946062843230e+00 6.743415986523263683e+00 6.742645954647154660e+00 6.671943701886170253e+00 -7.279034677545315191e-02 -4.207529671806321814e-02
1.300000000000000000e+01 6.681135819773762030e+00 6.607029771306870636e+00 6.605989628051719187e+00 6.536338217544465756e+00 -8.374870406885204233e-02 -4.821293507957503249e-02
1.400000000000000000e+01 6.537845581773548354e+00 6.464210623572269832e+00 6.462841366571224100e+00 6.394298882228980574e+00 -9.508730945451655814e-02 -5.450328909222718066e-02
1.500000000000000000e+01 6.388899217223867666e+00 6.315762726070841993e+00 6.313998059565611776e+00 6.246618319804860597e+00 -1.067184576611796970e-01 -6.088866488371582480e-02
1.600000000000000000e+01 6.235096346559386937e+00 6.162483576656891948e+00 6.160253014880109568e+00 6.094085105564266414e+00 -1.185548351682067930e-01 -6.731305819499877607e-02
1.700000000000000000e+01 6.077221635384487897e+00 6.005156369931097693e+00 6.002382968742424829e+00 5.937471015934506546e+00 -1.305115408521113907e-01 -7.372269819885080011e-02
1.800000000000000000e+01 5.916037476376422077e+00 5.844540605304776371e+00 5.841145386832413244e+00 5.777528403508898514e+00 -1.425066577019949987e-01 -8.006660509548253757e-02
1.900000000000000000e+01 5.752279574791924865e+00 5.681372593804339566e+00 5.677270014681708332e+00 5.614982924247474472e+00 -1.544619942406559587e-01 -8.629700906894902102e-02
2.000000000000000000e+01 5.586650852974608839e+00 5.516351926919526250e+00 5.511456473921836796e+00 5.450529029589815444e+00 -1.663036920294653220e-01 -9.236971769797781839e-02
2.100000000000000000e+01 5.419820765271493812e+00 5.350147398504233820e+00 5.344369676921491674e+00 5.284827323068594929e+00 -1.779627066444468275e-01 -9.824435025144512279e-02
2.200000000000000000e+01 5.252417817642557551e+00 5.183385678034262867e+00 5.176633449483993843e+00 5.118496870948542110e+00 -1.893751647451937525e-01 -1.038845831509586370e-01
2.300000000000000000e+01 5.085030575563875388e+00 5.016653253803109003e+00 5.008836110709727230e+00 4.952122444832264492e+00 -2.004826999379459296e-01 -1.092581348680069647e-01
2.400000000000000000e+01 4.918204647372043326e+00 4.850494764328392883e+00 4.841520886698293502e+00 4.786242577893248473e+00 -2.112325730680835734e-01 -1.143368983769657843e-01
2.500000000000000000e+01 4.752443301237224027e+00 4.685412500504781974e+00 4.675189214740008481e+00 4.621356367925729458e+00 -2.215777803040310245e-01 -1.190968734398971385e-01
2.600000000000000000e+01 4.588205795803208531e+00 4.521862986672840812e+00 4.510300536720744269e+00 4.457918741448319011e+00 -2.314771536143383768e-01 -1.235180827285938809e-01
2.700000000000000000e+01 4.425908560721668827e+00 4.360262122122409600e+00 4.347272348300825762e+00 4.296344453793122575e+00 -2.408951178039923369e-01 -1.275844342582268254e-01
2.800000000000000000e+01 4.265926172809376027e+00 4.200982558082287710e+00 4.186479518884181239e+00 4.137003850457785070e+00 -2.498017777160183028e-01 -1.312836049633904767e-01
2.900000000000000000e+01 4.108591651846214887e+00 4.044355474088423108e+00 4.028256821622206552e+00 3.980230623932717648e+00 -2.581726569625371059e-01 -1.346067809082023559e-01
3.000000000000000000e+01 3.954197633439839432e+00 3.890672848401516504e+00 3.872899856839160382e+00 3.826315945486507442e+00 -2.659883262121492953e-01 -1.375484875781166072e-01
3.100000000000000000e+01 3.802999167976714112e+00 3.740188399785322027e+00 3.720664689009091308e+00 3.675516390409617085e+00 -2.732343586221484544e-01 -1.401062972791083938e-01
3.200000000000000000e+01 3.655215058313272980e+00 3.593120663491837785e+00 3.571776089266898602e+00 3.528050316593542846e+00 -2.799010790231353241e-01 -1.422806876196775761e-01
3.300000000000000000e+01 3.511030901908478885e+00 3.449652118548178326e+00 3.426420040481684026e+00 3.384104680040788793e+00 -2.859830250161992105e-01 -1.440746285160125206e-01
3.400000000000000000e+01 3.370598153583443501e+00 3.309933706769362605e+00 3.284754118378085508e+00 3.243833694893243358e+00 -2.914787828289067684e-01 -1.454935534879432668e-01
3.500000000000000000e+01 3.234039855845911138e+00 3.174089048209820518e+00 3.146903709311466457e+00 3.107362573671245798e+00 -2.963905917744353302e-01 -1.465448389155668829e-01
3.600000000000000000e+01 3.101450921267195238e+00 3.042208863269904029e+00 3.012969260961704698e+00 2.974788611718897080e+00 -3.007241485305504614e-01 -1.472377420622334732e-01
3.700000000000000000e+01 2.972899504438522467e+00 2.914363806743162755e+00 2.883023421552096899e+00 2.846184377938726140e+00 -3.044880511385665289e-01 -1.475831805625711091e-01
3.800000000000000000e+01 2.848431494852679879e+00 2.790597966700513854e+00 2.757117015667700954e+00 2.721599086250638511e+00 -3.076936249701671677e-01 -1.475932988652283173e-01
3.900000000000000000e+01 2.728071986022592377e+00 2.670933837702110125e+00 2.635278010961601414e+00 2.601059845826152905e+00 -3.103546111280980901e-01 -1.472814790321007872e-01
4.000000000000000000e+01 2.611824299558697327e+00 2.555375989627491240e+00 2.517517070210046004e+00 2.484575811920480604e+00 -3.124866448635884586e-01 -1.466620002411264112e-01
4.100000000000000000e+01 2.499676758399130616e+00 2.443911633971500130e+00 2.403825572493447194e+00 2.372138008776730089e+00 -3.141073584675473374e-01 -1.457499425250370906e-01
4.200000000000000000e+01 2.391600609618035111e+00 2.336511648263106533e+00 2.294179903357592476e+00 2.263722817575232860e+00 -3.152356352990363653e-01 -1.445608855183632691e-01
4.300000000000000000e+01 2.287554478652408907e+00 2.233133224377562787e+00 2.188542817972685128e+00 2.159291874814442291e+00 -3.158918564242516047e-01 -1.431108295637510963e-01
4.400000000000000000e+01 2.187483675520939919e+00 2.133721800232882160e+00 2.086864286861736861e+00 2.058794965140767985e+00 -3.160969242516740163e-01 -1.414160192546478900e-01
4.500000000000000000e+01 2.091323491293465509e+00 2.038212397756550498e+00 1.989084462299251177e+00 1.962171790606408006e+00 -3.158730084381345948e-01 -1.394928774012862971e-01
4.600000000000000000e+01 1.999000197524111400e+00 1.946530679957893195e+00 1.895133311687052569e+00 1.869352164989029896e+00 -3.152422334018085692e-01 -1.373577346873398053e-01
4.700000000000000000e+01 1.910432137380839057e+00 1.858594532813535816e+00 1.804933307964097899e+00 1.780258321883684269e+00 -3.142276477140301116e-01 -1.350268932944689859e-01
4.800000000000000000e+01 1.825530834476817965e+00 1.774315675015105676e+00 1.718400047870427549e+00 1.694805754624504557e+00 -3.128519817449852969e-01 -1.325163787548132022e-01
4.900000000000000000e+01 1.744202955617652817e+00 1.693600124211532831e+00 1.635443522440959363e+00 1.612904508506579404e+00 -3.111381530765082171e-01 -1.298419811790676726e-01
5.000000000000000000e+01 1.666350428469877798e+00 1.616349954754308760e+00 1.555969048822251954e+00 1.534459882137684472e+00 -3.091088138002649477e-01 -1.270191088296436788e-01
5.100000000000000000e+01 1.591871815476069818e+00 1.542463504125738183e+00 1.479878533001363294e+00 1.459374384775315558e+00 -3.067864799220202943e-01 -1.240627710458183930e-01
5.200000000000000000e+01 1.520663486363783123e+00 1.471837019564014248e+00 1.407071047591043511e+00 1.387546339577975241e+00 -3.041932154020282053e-01 -1.209874924243114491e-01
5.300000000000000000e+01 1.452619528699983009e+00 1.404364777533314124e+00 1.337443550646415069e+00 1.318873358693956943e+00 -3.013506030283457648e-01 -1.178072708921215628e-01
5.400000000000000000e+01 1.387633422683894890e+00 1.339939890355570151e+00 1.270891888769607903e+00 1.253251168790960435e+00 -2.982795720084006619e-01 -1.145355816516858555e-01
5.500000000000000000e+01 1.325598047019666215e+00 1.278455545841100216e+00 1.207311149950519580e+00 1.190575306618029128e+00 -2.950004980715039138e-01 -1.111853348318897761e-01
5.600000000000000000e+01 1.266406291798407580e+00 1.219804702730850288e+00 1.146596166218970092e+00 1.130741053897668769e+00 -2.915330689982060242e-01 -1.077688290557747425e-01
5.700000000000000000e+01 1.209951734672521262e+00 1.163881151208856046e+00 1.088642366288620877e+00 1.073643759662231023e+00 -2.878961600450446467e-01 -1.042977712630284853e-01
5.800000000000000000e+01 1.156129185591125541e+00 1.110579432810929523e+00 1.033345986732374655e+00 1.019179986579972441e+00 -2.841078224725889778e-01 -1.007832429430549764e-01
5.900000000000000000e+01 1.104834564166241151e+00 1.059796028263951584e+00 9.806042339743071823e-01 9.672474246665956343e-01 -2.801854355562586885e-01 -9.723575636631189012e-02
6.000000000000000000e+01 1.055965472672220518e+00 1.011428585462314622e+00 9.303159443112913873e-01 9.177451006913205367e-01 -2.761454367320990144e-01 -9.366514295876171570e-02
6.100000000000000000e+01 1.009421862673434367e+00 9.653771987358519269e-01 8.823817134705391751e-01 8.705739639279203024e-01 -2.720034710975086090e-01 -9.008069886477222676e-02
6.200000000000000000e+01 9.651055412425159075e-01 9.215440808425369168e-01 8.367041742342713473e-01 8.256369134333846338e-01 -2.677742507788174464e-01 -8.649109121761867913e-02
6.300000000000000000e+01 9.229209179943725916e-01 8.798337938843331374e-01 7.931883201161225028e-01 7.828390911171142497e-01 -2.634717597463423489e-01 -8.290440941616711301e-02
6.400000000000000000e+01 8.827747319544004823e-01 8.401534523019988931e-01 7.517409664813227144e-01 7.420882151811497573e-01 -2.591090601987415809e-01 -7.932816249582676227e-02
6.500000000000000000e+01 8.445768758461776882e-01 8.024130327006091523e-01 7.122722801754728383e-01 7.032941223939448427e-01 -2.546983182941593982e-01 -7.576934963514546373e-02
6.600000000000000000e+01 8.082394382697153379e-01 7.665252186095458109e-01 6.746945102120345261e-01 6.663696319753850128e-01 -2.502509896563988590e-01 -7.223440192877618460e-02
6.700000000000000000e+01 7.736777565495869258e-01 7.324054481523408766e-01 6.389225764257453477e-01 6.312300400845545223e-01 -2.457777649357134331e-01 -6.872924095069213313e-02
6.800000000000000000e+01 7.408099385491051514e-01 6.999722343313334871e-01 6.048743751322340767e-01 5.977936054331340898e-01 -2.412884236344593480e-01 -6.525933496946054180e-02
6.900000000000000000e+01 7.095568563818127616e-01 6.691468335858861138e-01 5.724704811839482765e-01 5.659809429281227322e-01 -2.367920727486815258e-01 -6.182964981717536945e-02
7.000000000000000000e+01 6.798425207344042098e-01 6.398535169658511323e-01 5.416342235814979311e-01 5.357160387462794882e-01 -2.322969723844385825e-01 -5.844469238238850228e-02
7.100000000000000000e+01 6.515937447278252748e-01 6.120195514754886990e-01 5.122918371981213248e-01 5.069251280792813619e-01 -2.278108571405288441e-01 -5.510858275360101116e-02
7.200000000000000000e+01 6.247401889998495106e-01 5.855749885258764165e-01 4.843722954333341546e-01 4.795374797544901257e-01 -2.233406184701119679e-01 -5.182501794590368277e-02
7.300000000000000000e+01 5.992144344507550624e-01 5.604527482446820530e-01 4.578072685876409254e-01 4.534853629820405074e-01 -2.188925954359003667e-01 -4.859730129704086660e-02
7.400000000000000000e+01 5.749519515217591525e-01 5.365884580667528159e-01 4.325311403400459165e-01 4.287031996720354621e-01 -2.144724699761655085e-01 -4.542841245933108146e-02
7.500000000000000000e+01 5.518905311001797154e-01 5.139206610147626364e-01 4.084811997320469956e-01 4.051285136205795556e-01 -2.100853320866054308e-01 -4.232094862690702342e-02
7.600000000000000000e+01 5.299713701641400876e-01 4.923907165733462654e-01 3.855969960317714440e-01 3.827012895217781763e-01 -2.057356897259570161e-01 -3.927722515438710621e-02
7.700000000000000000e+01 5.091376652324337559e-01 4.719423238959403188e-01 3.638210097565393597e-01 3.613641462797950177e-01 -2.014275865663598120e-01 -3.629923450835120802e-02
7.800000000000000000e+01 4.893354723545545459e-01 4.525217911799530035e-01 3.430979524827592608e-01 3.410621722857605786e-01 -1.971645103656147202e-01 -3.338870446702692230e-02
7.900000000000000000e+01 4.705132899999322493e-01 4.340781502779981205e-01 3.233752189884215311e-01 3.217428477925003971e-01 -1.929494221652634789e-01 -3.054709256930582609e-02
8.000000000000000000e+01 4.526220745188316852e-01 4.165624435641736012e-01 3.046023140504760529e-01 3.033560854215243685e-01 -1.887849507887878753e-01 -2.777562100978241133e-02
8.100000000000000000e+01 4.356149205114619449e-01 3.999284257583892721e-01 2.867311917050895942e-01 2.858539949016927761e-01 -1.846732644151681257e-01 -2.507527268485211513e-02
8.200000000000000000e+01 4.194473315426294202e-01 3.841318872612432544e-01 2.697160499598320049e-01 2.691909477840177534e-01 -1.806161730460384696e-01 -2.244684173676150460e-02
8.300000000000000000e+01 4.040769813020457790e-01 3.691307825818075927e-01 2.535131140418226403e-01 2.533235174597525119e-01 -1.766150031525887398e-01 -1.989089942237813602e-02
8.400000000000000000e+01 3.894636241514086161e-01 3.548852951724074112e-01 2.380807509097808417e-01 2.382102711731974576e-01 -1.726709283713575294e-01 -1.740785521499985805e-02
8.500000000000000000e+01 3.755688490468188645e-01 3.413573678241106912e-01 2.233793170480447288e-01 2.238117745333316200e-01 -1.687846856551605546e-01 -1.499795604976877396e-02
8.600000000000000000e+01 3.623564996310466579e-01 3.285111627782568711e-01 2.093710380058472487e-01 2.100905088426700540e-01 -1.649567623207173761e-01 -1.266127978817658574e-02
8.700000000000000000e+01 3.497919777640566275e-01 3.163123382687526575e-01 1.960200197644797193e-01 1.970107636854652733e-01 -1.611874142548967437e-01 -1.039776669787923456e-02
8.800000000000000000e+01 3.378425802758809882e-01 3.047285261810561141e-01 1.832920958852541915e-01 1.845386363052441414e-01 -1.574766366173133703e-01 -8.207235223735794005e-03
8.900000000000000000e+01 3.264773360746048847e-01 2.937290746469031211e-01 1.711548157143631954e-01 1.726418658968777720e-01 -1.538242219067373628e-01 -6.089382760584190202e-03
9.000000000000000000e+01 3.156668633259208101e-01 2.832847672366143876e-01 1.595773114296632766e-01 1.612898358911360741e-01 -1.502297581333524312e-01 -4.043794512994631010e-03
9.100000000000000000e+01 3.053831110368625534e-01 2.733679918071499348e-01 1.485302865931506233e-01 1.504534646669986320e-01 -1.466926685080318371e-01 -2.069956345037491166e-03
9.200000000000000000e+01 2.955998259898122704e-01 2.639526421063235206e-01 1.379858869410615085e-01 1.401051332172367492e-01 -1.432122414213916617e-01 -1.672751142768454059e-04
9.300000000000000000e+01 2.862919941119685396e-01 2.550139383051893693e-01 1.279176668680052364e-01 1.302186642116492654e-01 -1.397875818322557029e-01 1.664936232527042433e-03
9.400000000000000000e+01 2.774359858414358615e-01 2.465283959751670695e-01 1.183005633447738597e-01 1.207691879735780516e-01 -1.364177570936521977e-01 3.427419038365710473e-03
9.500000000000000000e+01 2.690093793118499277e-01 2.384738739040706823e-01 1.091107243640174335e-01 1.117331427265373239e-01 -1.331016483360769609e-01 5.120991886692305602e-03
9.600000000000000000e+01 2.609910024598423584e-01 2.308293349164492470e-01 1.003255758732376907e-01 1.030881781777945455e-01 -1.298381419310821183e-01 6.746515331570259767e-03
9.700000000000000000e+01 2.533608569136141520e-01 2.235749166734195548e-01 9.192364110247645825e-02 9.481312537337749369e-02 -1.266259857900954022e-01 8.304900455815441424e-03
9.800000000000000000e+01 2.460999710680201735e-01 2.166918162409281479e-01 8.388459474278568695e-02 8.688791284990300678e-02 -1.234639160410487269e-01 9.797105385180266551e-03
9.900000000000000000e+01 2.391904996754002088e-01 2.101622069761715783e-01 7.618911186596902252e-02 7.929351009710797205e-02 -1.203506087107547445e-01 1.122410575256373860e-02
1.000000000000000000e+02 2.326155030980726068e-01 2.039693128270158862e-01 6.881889107889553603e-02 7.201192153894453440e-02 -1.172847394343725785e-01 1.258691270820692931e-02
1.010000000000000000e+02 2.263590185764023377e-01 1.980971895883706924e-01 6.175656264430121750e-02 6.502610089678423355e-02 -1.142649461166124480e-01 1.388654089291319581e-02
1.020000000000000000e+02 2.204059529378560589e-01 1.925307869326357002e-01 5.498566917222847544e-02 5.831991425620661890e-02 -1.112898798740172557e-01 1.512403533059942032e-02
1.030000000000000000e+02 2.147420592318123600e-01 1.872558897678046064e-01 4.849057745343880732e-02 5.187809244729603420e-02 -1.083581659157004107e-01 1.630042648438671457e-02
1.040000000000000000e+02 2.093538939122027986e-01 1.822590114524587912e-01 4.225649187333346130e-02 4.568618106961717940e-02 -1.054685055863728710e-01 1.741674777818718461e-02
1.050000000000000000e+02 2.042287787305190339e-01 1.775274712969373003e-01 3.626936988825855968e-02 3.973052921619017047e-02 -1.026195856109083510e-01 1.847402962347702640e-02
1.060000000000000000e+02 1.993547350857263201e-01 1.730492032782611211e-01 3.051590607370620323e-02 3.399821893470820339e-02 -9.981015314590835352e-02 1.947328629226868432e-02
1.070000000000000000e+02 1.947204523832604672e-01 1.688128586412488696e-01 2.498347955903605991e-02 2.847706689247894371e-02 -9.703896157470436046e-02 2.041549843293917824e-02
1.080000000000000000e+02 1.903152919307414259e-01 1.648076968382220786e-01 1.966013671667676127e-02 2.315553029541020380e-02 -9.430486160373142968e-02 2.130165120301819384e-02
1.090000000000000000e+02 1.861292223783380106e-01 1.610235438947058284e-01 1.453454052380541602e-02 1.802274400760232875e-02 -9.160672423954020760e-02 2.213267412746476939e-02
1.100000000000000000e+02 1.821527769840095845e-01 1.574507922361372270e-01 9.595946784651589526e-03 1.306841818000159354e-02 -8.894352050312508140e-02 2.290948689656725074e-02
1.110000000000000000e+02 1.783770378654567779e-01 1.540803769597956230e-01 4.834186280974920279e-03 8.282870666484391450e-03 -8.631424654039249189e-02 2.363296155129773063e-02
1.120000000000000000e+02 1.747936013497980723e-01 1.509037096177516524e-01 2.395918580603862704e-04 3.656963353339652729e-03 -8.371801955971336362e-02 2.430393805444181626e-02
1.130000000000000000e+02 1.713945664544128389e-01 1.479126675470062435e-01 -4.196977524500539528e-03 -8.179195515503469120e-04 -8.115400931489312464e-02 2.492322580584749314e-02
1.140000000000000000e+02 1.681724431610704673e-01 1.450995682449557900e-01 -8.484184764862734429e-03 -5.149891701387057999e-03 -7.862147261301379031e-02 2.549159047406695036e-02
1.150000000000000000e+02 1.651202391541908288e-01 1.424571297933978076e-01 -1.263025414050218502e-02 -9.346595998849419051e-03 -7.611975409899508771e-02 2.600975913954169105e-02
1.160000000000000000e+02 1.622313451366979853e-01 1.399785006090989714e-01 -1.664296081187924617e-02 -1.341521721720767210e-02 -7.364831536635560449e-02 2.647842728933082548e-02
1.170000000000000000e+02 1.594995380576003652e-01 1.376571185630350858e-01 -2.052970303647744590e-02 -1.736251942589635971e-02 -7.120668389092443817e-02 2.689824851686180296e-02
1.180000000000000000e+02 1.569189429133385494e-01 1.354868126567446984e-01 -2.429747180213394017e-02 -2.119484463422404916e-02 -6.879449900139787688e-02 2.726984644052891579e-02
1.190000000000000000e+02 1.544840683485467769e-01 1.334617200366507439e-01 -2.795289008467246109e-02 -2.491814393909728975e-02 -6.641149893640747870e-02 2.759381091235935113e-02
1.200000000000000000e+02 1.521897162113165225e-01 1.315762652410880917e-01 -3.150225185622593238e-02 -2.853799679501549391e-02 -6.405754014227693638e-02 2.787070406672511116e-02
1.210000000000000000e+02 1.500310089346424958e-01 1.298251600704093678e-01 -3.495150359463949225e-02 -3.205961529310030755e-02 -6.173257512576609679e-02 2.810106921069467634e-02
1.220000000000000000e+02 1.480033504736901206e-01 1.282033604193333620e-01 -3.830627532432714227e-02 -3.548786197826139799e-02 -5.943665424896747013e-02 2.828541210652476406e-02
1.230000000000000000e+02 1.461024569910829574e-01 1.267060725191952175e-01 -4.157190572403025863e-02 -3.882725021165023271e-02 -5.716996752793759157e-02 2.842423636015454017e-02
1.240000000000000000e+02 1.443242670821059115e-01 1.253287318837932873e-01 -4.475342496377372054e-02 -4.208198424976365704e-02 -5.493278174947883313e-02 2.851802667651889139e-02
1.250000000000000000e+02 1.426649798415732529e-01 1.240669914935812884e-01 -4.785557804551136135e-02 -4.525592714567084479e-02 -5.272550936194399240e-02 2.856726036771844654e-02
1.260000000000000000e+02 1.411210620024489770e-01 1.229166977857095999e-01 -5.088286283566722384e-02 -4.835264452541595398e-02 -5.054866262304161251e-02 2.857240202541068072e-02
1.270000000000000000e+02 1.396891637078998272e-01 1.218738738839131169e-01 -5.383948346376467992e-02 -5.137538812634641350e-02 -4.840284995963584080e-02 2.853393436891393450e-02
1.280000000000000000e+02 1.383662104578066709e-01 1.209347186103543886e-01 -5.672937573356057889e-02 -5.432708989489807433e-02 -4.628880256884373295e-02 2.845233071538942615e-02
1.290000000000000000e+02 1.371492729736468463e-01 1.200956176274706189e-01 -5.955626367755854911e-02 -5.721041435200165809e-02 -4.420737208955679426e-02 2.832807976181195286e-02
1.300000000000000000e+02 1.360356625924284968e-01 1.193530880742239564e-01 -6.232355850458386887e-02 -6.002771554557553846e-02 -4.215949398377184798e-02 2.816169364104423312e-02
1.310000000000000000e+02 1.350228489467737991e-01 1.187037928847198276e-01 -6.503447987424045007e-02 -6.278106535570995850e-02 -4.014621451071092445e-02 2.795370365371825649e-02
1.320000000000000000e+02 1.341084940441356343e-01 1.181445410110161243e-01 -6.769195759517934730e-02 -6.547224127887879552e-02 -3.816867176417576557e-02 2.770466499343661113e-02
1.330000000000000000e+02 1.332904243002297207e-01 1.176722452614389069e-01 -7.029870507227156673e-02 -6.810276585752580991e-02 -3.622811966023826297e-02 2.741519534002473044e-02
1.340000000000000000e+02 1.325666125901267534e-01 1.172839405276664831e-01 -7.285718192701833018e-02 -7.067387717826840998e-02 -3.432585282562726492e-02 2.708592265166222951e-02
1.350000000000000000e+02 1.319351495622083648e-01 1.169767597474469650e-01 -7.536961033259372000e-02 -7.318653211705947181e-02 -3.246329122147641189e-02 2.671753310673968124e-02
1.360000000000000000e+02 1.313943154489536080e-01 1.167479489304090179e-01 -7.783799414444832199e-02 -7.564143788233479437e-02 -3.064188542259317638e-02 2.631080910509346962e-02
1.370000000000000000e+02 1.309424015824491583e-01 1.165947896098640524e-01 -8.026406474168101823e-02 -7.803907163672772762e-02 -2.886316898609792014e-02 2.586655849147092429e-02
1.380000000000000000e+02 1.305778747383519178e-01 1.165146899969581734e-01 -8.264934574397568567e-02 -8.037962471915417739e-02 -2.712871364637467822e-02 2.538567984214031015e-02
1.390000000000000000e+02 1.302992697001996991e-01 1.165050860764437479e-01 -8.499510761294459815e-02 -8.266308329458842141e-02 -2.544011368966282716e-02 2.486916195532198198e-02
1.400000000000000000e+02 1.301051467622270919e-01 1.165634722287652719e-01 -8.730240949878169399e-02 -8.488919035503927901e-02 -2.379900233426539280e-02 2.431809419191050675e-02
1.410000000000000000e+02 1.299941328575891786e-01 1.166873600250772081e-01 -8.957207004450688792e-02 -8.705749508760740607e-02 -2.220700237102241417e-02 2.373365117381586245e-02
1.420000000000000000e+02 1.299648946944060579e-01 1.168743244729451985e-01 -9.180466192956270033e-02 -8.916733751914095174e-02 -2.066573328285306252e-02 2.311713277882931905e-02
1.430000000000000000e+02 1.300160563733767372e-01 1.171219274013710759e-01 -9.400054826509644801e-02 -9.121788282539872172e-02 -1.917677117251841146e-02 2.246995606852848423e-02
1.440000000000000000e+02 1.301462489899450348e-01 1.174277462443058390e-01 -9.615985469209840930e-02 -9.320811985742626093e-02 -1.774164900153545055e-02 2.179367119347359188e-02
1.450000000000000000e+02 1.303540454087213640e-01 1.177893193252216586e-01 -9.828249042102925326e-02 -9.513689232829516951e-02 -1.636183397751538385e-02 2.108995305369967821e-02
1.460000000000000000e+02 1.306379574300028101e-01 1.182042043421831362e-01 -1.003681290955511507e-01 -9.700292904517422710e-02 -1.503867809205750375e-02 2.036062482070097324e-02
1.470000000000000000e+02 1.309963680645151729e-01 1.186699038170527382e-01 -1.024162667234011781e-01 -9.880487427539734469e-02 -1.377343962345275313e-02 1.960766111450330459e-02
1.480000000000000000e+02 1.314275516648004127e-01 1.191838537097233836e-01 -1.044261314023428866e-01 -1.005412718204042599e-01 -1.256722826643900774e-02 1.883317853705250913e-02
1.490000000000000000e+02 1.319295842613234793e-01 1.197434215333715302e-01 -1.063967959655959111e-01 -1.022106540668264035e-01 -1.142099198540011233e-02 1.803945263392438964e-02
1.500000000000000000e+02 1.325003694106120511e-01 1.203459257440324809e-01 -1.083270873239896709e-01 -1.038115197345019225e-01 -1.033549359471079912e-02 1.722891017076309816e-02
1.510000000000000000e+02 1.331375421727386266e-01 1.209885460278870839e-01 -1.102157352305115634e-01 -1.053424389471612765e-01 -9.311291048121358646e-03 1.640412722102421034e-02
1.520000000000000000e+02 1.338384791011863195e-01 1.216683810281993933e-01 -1.120612007341817568e-01 -1.068020179409812781e-01 -8.348715395630873157e-03 1.556782896598428445e-02
1.530000000000000000e+02 1.346002223330042269e-01 1.223823591857309129e-01 -1.138618538589533102e-01 -1.081890049053638309e-01 -7.447846692339718695e-03 1.472288101775465034e-02
1.540000000000000000e+02 1.354194827579446037e-01 1.231272840154550713e-01 -1.156159058079412050e-01 -1.095022793942776324e-01 -6.608504276254780624e-03 1.387228241398991146e-02
1.550000000000000000e+02 1.362925125675085170e-01 1.238998007572428839e-01 -1.173214483964285515e-01 -1.107409314441865633e-01 -5.830225430034976022e-03 1.301915409803349258e-02
1.560000000000000000e+02 1.372152332329202584e-01 1.246963555425446152e-01 -1.189764764938315705e-01 -1.119043024693495147e-01 -5.112256141212774031e-03 1.216672234288921663e-02
1.570000000000000000e+02 1.381829933012941880e-01 1.255131947467865439e-01 -1.205789007813257846e-01 -1.129920231587660528e-01 -4.453545915459275820e-03 1.131830345483345567e-02
1.580000000000000000e+02 1.391907013246515834e-01 1.263463652091584843e-01 -1.221266182166085151e-01 -1.140040467318821082e-01 -3.852738654565060657e-03 1.047728484617570753e-02
1.590000000000000000e+02 1.402327366045856838e-01 1.271916990361697530e-01 -1.236174495982234611e-01 -1.149406827196390174e-01 -3.308181053066611317e-03 9.647102947750865048e-03
1.600000000000000000e+02 1.413029540862841549e-01 1.280447870716277803e-01 -1.250492617333290868e-01 -1.158026700817931659e-01 -2.817923804271348694e-03 8.831220921557343326e-03
1.610000000000000000e+02 1.423946217051344776e-01 1.289010092808988706e-01 -1.264199297459205340e-01 -1.165911282973565583e-01 -2.379735493619610908e-03 8.033100802642929167e-03
1.620000000000000000e+02 1.435005321013989865e-01 1.297555029829101092e-01 -1.277273792251113760e-01 -1.173076789796966279e-01 -1.991121242732783302e-03 7.256175241476316498e-03
1.630000000000000000e+02 1.446129332473476692e-01 1.306032077964116578e-01 -1.289696399524667969e-01 -1.179543283457453878e-01 -1.649344291406281554e-03 6.503825802737114165e-03
1.640000000000000000e+02 1.457235609191352421e-01 1.314388483489658532e-01 -1.301448089131027885e-01 -1.185335904509250277e-01 -1.351457140775951145e-03 5.779349449730514579e-03
1.650000000000000000e+02 1.468237670674973905e-01 1.322569968409767205e-01 -1.312511346166134740e-01 -1.190483366885254496e-01 -1.094335985807977450e-03 5.085936561224062985e-03
1.660000000000000000e+02 1.479045124816783519e-01 1.330520824346971831e-01 -1.322869774595094028e-01 -1.195019001217997867e-01 -8.747183939036114663e-04 4.426639023627277660e-03
1.670000000000000000e+02 1.489564873201533468e-01 1.338184353200908006e-01 -1.332508901597305451e-01 -1.198979340695281448e-01 -6.892504768246229471e-04 3.804356342100391909e-03
1.680000000000000000e+02 1.499702040895592170e-01 1.345503553110330430e-01 -1.341415399202678382e-01 -1.202403784632143091e-01 -5.345318766031434627e-04 3.221805885199923239e-03
1.690000000000000000e+02 1.509361351923754480e-01 1.352421620359145205e-01 -1.349577790937337707e-01 -1.205334076777716534e-01 -4.071700495751288257e-04 2.681510565652717171e-03
1.700000000000000000e+02 1.518448180314044271e-01 1.358882852996004531e-01 -1.356986141519558320e-01 -1.207813312315689502e-01 -3.038296349646315273e-04 2.185783056871584869e-03
1.710000000000000000e+02 1.526870176005645785e-01 1.364832896708380039e-01 -1.363632137647273757e-01 -1.209884843064117643e-01 -2.212881389208756029e-04 1.736715671948094175e-03
1.720000000000000000e+02 1.534539064786717144e-01 1.370220309702325223e-01 -1.369509027294063541e-01 -1.211591637809122934e-01 -1.564891776933722764e-04 1.336174816501516224e-03
1.730000000000000000e+02 1.541371977714252606e-01 1.374997064592139995e-01 -1.374611163513101975e-01 -1.212974751285645358e-01 -1.065926972729224913e-04 9.857964910030398136e-04
1.740000000000000000e+02 1.547293088906168679e-01 1.379119098090345052e-01 -1.378934387419890051e-01 -1.214072448156723882e-01 -6.902597347131135693e-05 6.869871982936694762e-04
1.750000000000000000e+02 1.552234945364554808e-01 1.382547688152199195e-01 -1.382475143606706203e-01 -1.214919557920788873e-01 -4.152763534771054278e-05 4.409256918132990820e-04
1.760000000000000000e+02 1.556140592274789236e-01 1.385249970320652502e-01 -1.385231286920105831e-01 -1.215545722213087071e-01 -2.218889232845815883e-05 2.485668926920234158e-04
1.770000000000000000e+02 1.558964146580383847e-01 1.387199442908021718e-01 -1.387201002720482024e-01 -1.215975045778185520e-01 -9.487402753317874664e-06 1.106470027064360541e-04
1.780000000000000000e+02 1.560671770843675699e-01 1.388377077218187206e-01 -1.388383343207007237e-01 -1.216225422604562956e-01 -2.315423185430720095e-06 2.768761502924530331e-05
1.790000000000000000e+02 1.561243254516597179e-01 1.388770807634677196e-01 -1.388777482466242441e-01 -1.216307644334249788e-01 0.000000000000000000e+00 0.000000000000000000e+00
1.800000000000000000e+02 1.561815501958629115e-01 1.389164734074234686e-01 -1.389171607627622818e-01 -1.216389886561392852e-01 0.000000000000000000e+00 0.000000000000000000e+00
